#Date       Time        gpu   pwr gtemp mtemp    sm   mem   enc   dec  mclk  pclk pviol tviol    fb  bar1 sbecc dbecc   pci rxpci txpci
#YYYYMMDD   HH:MM:SS    Idx     W     C     C     %     %     %     %   MHz   MHz     %  bool    MB    MB  errs  errs  errs  MB/s  MB/s
 20231204   10:05:50      0     9    35     -     0     0     0     0   405   300     0     0     3     3     0     0     0     1    22
 20231204   10:05:50      1     9    37     -     0     0     0     0   405   300     0     0     0     2     0     0     0     0     1
 20231204   10:05:51      0    11    35     -     0     0     0     0   405   300     0     0     3     3     0     0     0     0     0
 20231204   10:05:51      1     9    37     -     0     0     0     0   405   300     0     0     0     2     0     0     0     2     3
 20231204   10:05:53      0     9    35     -     0     0     0     0   405   300     0     0     3     3     0     0     0     0     0
 20231204   10:05:53      1    10    37     -     0     0     0     0   405   300     0     0     0     2     0     0     0     2     3
 20231204   10:05:54      0     9    35     -     0     0     0     0   405   300     0     0     3     3     0     0     0     7    20
 20231204   10:05:54      1     9    37     -     0     0     0     0   405   300     0     0     0     2     0     0     0     0     0
 20231204   10:05:55      0     9    35     -     0     0     0     0   405   300     0     0     3     3     0     0     0     0     0
 20231204   10:05:55      1     9    37     -     0     0     0     0   405   300     0     0     0     2     0     0     0     0     3
 20231204   10:05:56      0     9    35     -     0     0     0     0   405   300     0     0     3     3     0     0     0    41     0
 20231204   10:05:56      1    12    37     -     0     0     0     0   405   300     0     0     0     2     0     0     0     0     1
 20231204   10:05:58      0     9    35     -     0     0     0     0   405   300     0     0     3     3     0     0     0     0     3
 20231204   10:05:58      1     9    37     -     0     0     0     0   405   300     0     0     0     2     0     0     0     0     0
 20231204   10:05:59      0     9    35     -     0     0     0     0   405   300     0     0     3     3     0     0     0     8    17
 20231204   10:05:59      1    11    37     -     0     0     0     0   405   300     0     0     0     2     0     0     0     0     0
 20231204   10:06:00      0     9    35     -     0     0     0     0   405   300     0     0     3     3     0     0     0     2    25
 20231204   10:06:00      1     9    37     -     0     0     0     0   405   300     0     0     0     2     0     0     0     0     0
 20231204   10:06:02      0     9    35     -     0     0     0     0   405   300     0     0     3     3     0     0     0     0     0
 20231204   10:06:02      1     9    37     -     0     0     0     0   405   300     0     0     0     2     0     0     0     0     0
 20231204   10:06:03      0    10    35     -     0     0     0     0   405   300     0     0     3     3     0     0     0     0     0
 20231204   10:06:03      1     9    37     -     0     0     0     0   405   300     0     0     0     2     0     0     0     7     0
 20231204   10:06:04      0    12    35     -     0     0     0     0   405   300     0     0     3     3     0     0     0     0     3
 20231204   10:06:04      1     9    37     -     0     0     0     0   405   300     0     0     0     2     0     0     0     0     0
 20231204   10:06:05      0    12    35     -     0     0     0     0   405   300     0     0     3     3     0     0     0     0     0
 20231204   10:06:05      1     9    37     -     0     0     0     0   405   300     0     0     0     2     0     0     0     4     0
 20231204   10:06:06      0    10    35     -     0     0     0     0   405   300     0     0     3     3     0     0     0     0     0
 20231204   10:06:06      1     9    37     -     0     0     0     0   405   300     0     0     0     2     0     0     0     0     0
 20231204   10:06:08      0     9    35     -     0     0     0     0   405   300     0     0     3     3     0     0     0    36     0
 20231204   10:06:08      1     9    37     -     0     0     0     0   405   300     0     0     0     2     0     0     0     0     0
 20231204   10:06:09      0     9    35     -     0     0     0     0   405   300     0     0     3     3     0     0     0     1    21
 20231204   10:06:09      1     9    37     -     0     0     0     0   405   300     0     0     0     2     0     0     0     4     0
 20231204   10:06:10      0    10    35     -     0     0     0     0   405   300     0     0     3     3     0     0     0     0     0
 20231204   10:06:10      1    11    37     -     0     0     0     0   405   300     0     0     0     2     0     0     0     1     3
 20231204   10:06:11      0    12    35     -     0     0     0     0   405   300     0     0     3     3     0     0     0     0     0
 20231204   10:06:11      1     9    37     -     0     0     0     0   405   300     0     0     0     2     0     0     0     5     0
 20231204   10:06:12      0    11    35     -     0     0     0     0   405   300     0     0     3     3     0     0     0     0     0
 20231204   10:06:12      1    10    37     -     0     0     0     0   405   300     0     0     0     2     0     0     0     1     4
 20231204   10:06:14      0    12    35     -     0     0     0     0   405   300     0     0     3     3     0     0     0    34     0
 20231204   10:06:14      1    12    37     -     0     0     0     0   405   300     0     0     0     2     0     0     0     0     1
 20231204   10:06:15      0    12    35     -     0     0     0     0   405   300     0     0     3     3     0     0     0     3     0
 20231204   10:06:15      1    11    37     -     0     0     0     0   405   300     0     0     0     2     0     0     0     4     0
 20231204   10:06:16      0     9    35     -     0     0     0     0   405   300     0     0     3     3     0     0     0     0     1
 20231204   10:06:16      1    11    37     -     0     0     0     0   405   300     0     0     0     2     0     0     0     0     3
#Date       Time        gpu   pwr gtemp mtemp    sm   mem   enc   dec  mclk  pclk pviol tviol    fb  bar1 sbecc dbecc   pci rxpci txpci
#YYYYMMDD   HH:MM:SS    Idx     W     C     C     %     %     %     %   MHz   MHz     %  bool    MB    MB  errs  errs  errs  MB/s  MB/s
 20231204   10:06:18      0     9    35     -     0     0     0     0   405   300     0     0     3     3     0     0     0     2    22
 20231204   10:06:18      1    11    37     -     0     0     0     0   405   300     0     0     0     2     0     0     0     0     1
 20231204   10:06:19      0     9    35     -     0     0     0     0   405   300     0     0     3     3     0     0     0     0     3
 20231204   10:06:19      1     9    37     -     0     0     0     0   405   300     0     0     0     2     0     0     0     0     0
 20231204   10:06:20      0     9    35     -     0     0     0     0   405   300     0     0     3     3     0     0     0     0     0
 20231204   10:06:20      1     9    37     -     0     0     0     0   405   300     0     0     0     2     0     0     0     5     0
 20231204   10:06:21      0    11    35     -     0     0     0     0   405   300     0     0     3     3     0     0     0     0     0
 20231204   10:06:21      1     9    37     -     0     0     0     0   405   300     0     0     0     2     0     0     0     1     3
 20231204   10:06:22      0     9    35     -     0     0     0     0   405   300     0     0     3     3     0     0     0     0     0
 20231204   10:06:22      1     9    37     -     0     0     0     0   405   300     0     0     0     2     0     0     0     0     1
 20231204   10:06:24      0    10    35     -     0     0     0     0   405   300     0     0     3     3     0     0     0    38     0
 20231204   10:06:24      1    12    37     -     0     0     0     0   405   300     0     0     0     2     0     0     0     0     0
 20231204   10:06:25      0    10    35     -     0     0     0     0   405   300     0     0     3     3     0     0     0     5    19
 20231204   10:06:25      1     9    37     -     0     0     0     0   405   300     0     0     0     2     0     0     0     0     0
 20231204   10:06:26      0    11    35     -     0     0     0     0   405   300     0     0     3     3     0     0     0     3     3
 20231204   10:06:26      1     9    37     -     0     0     0     0   405   300     0     0     0     2     0     0     0     0     0
 20231204   10:06:28      0    10    35     -     0     0     0     0   405   300     0     0     3     3     0     0     0     0     1
 20231204   10:06:28      1    11    37     -     0     0     0     0   405   300     0     0     0     2     0     0     0     4     6
 20231204   10:06:29      0     9    35     -     0     0     0     0   405   300     0     0     3     3     0     0     0     1     0
 20231204   10:06:29      1     9    37     -     0     0     0     0   405   300     0     0     0     2     0     0     0     0     3
 20231204   10:06:30      0     9    35     -     0     0     0     0   405   300     0     0     3     3     0     0     0     4     3
 20231204   10:06:30      1     9    37     -     0     0     0     0   405   300     0     0     0     2     0     0     0     0     0
 20231204   10:06:31      0    10    35     -     0     0     0     0   405   300     0     0     3     3     0     0     0     1     1
 20231204   10:06:31      1     9    37     -     0     0     0     0   405   300     0     0     0     2     0     0     0     2     0
 20231204   10:06:32      0     9    35     -     0     0     0     0   405   300     0     0     3     3     0     0     0     5     0
 20231204   10:06:32      1    11    37     -     0     0     0     0   405   300     0     0     0     2     0     0     0     0     0
 20231204   10:06:34      0    12    35     -     0     0     0     0   405   300     0     0     3     3     0     0     0     4     0
 20231204   10:06:34      1    10    37     -     0     0     0     0   405   300     0     0     0     2     0     0     0     2     0
 20231204   10:06:35      0    11    35     -     0     0     0     0   405   300     0     0     3     3     0     0     0     0     0
 20231204   10:06:35      1    10    37     -     0     0     0     0   405   300     0     0     0     2     0     0     0     0     0
 20231204   10:06:36      0     9    35     -     0     0     0     0   405   300     0     0     3     3     0     0     0     5    21
 20231204   10:06:36      1    10    37     -     0     0     0     0   405   300     0     0     0     2     0     0     0     0     0
 20231204   10:06:37      0     9    35     -     0     0     0     0   405   300     0     0     3     3     0     0     0     1     3
 20231204   10:06:37      1    11    37     -     0     0     0     0   405   300     0     0     0     2     0     0     0     0     0
 20231204   10:06:38      0     9    35     -     0     0     0     0   405   300     0     0     3     3     0     0     0     0    22
 20231204   10:06:38      1     9    37     -     0     0     0     0   405   300     0     0     0     2     0     0     0     0     0
 20231204   10:06:40      0     9    35     -     0     0     0     0   405   300     0     0     3     3     0     0     0     0     0
 20231204   10:06:40      1     9    37     -     0     0     0     0   405   300     0     0     0     2     0     0     0     2     0
 20231204   10:06:41      0     9    35     -     0     0     0     0   405   300     0     0     3     3     0     0     0     2     6
 20231204   10:06:41      1     9    37     -     0     0     0     0   405   300     0     0     0     2     0     0     0     0     0
 20231204   10:06:42      0     9    35     -     0     0     0     0   405   300     0     0     3     3     0     0     0     0     0
 20231204   10:06:42      1    12    37     -     0     0     0     0   405   300     0     0     0     2     0     0     0     0     0
 20231204   10:06:43      0     9    35     -     0     0     0     0   405   300     0     0     3     3     0     0     0     0     0
 20231204   10:06:43      1     9    37     -     0     0     0     0   405   300     0     0     0     2     0     0     0     6     0
#Date       Time        gpu   pwr gtemp mtemp    sm   mem   enc   dec  mclk  pclk pviol tviol    fb  bar1 sbecc dbecc   pci rxpci txpci
#YYYYMMDD   HH:MM:SS    Idx     W     C     C     %     %     %     %   MHz   MHz     %  bool    MB    MB  errs  errs  errs  MB/s  MB/s
 20231204   10:06:45      0     9    35     -     0     0     0     0   405   300     0     0     3     3     0     0     0     0     3
 20231204   10:06:45      1     9    37     -     0     0     0     0   405   300     0     0     0     2     0     0     0     0     0
 20231204   10:06:46      0    11    35     -     0     0     0     0   405   300     0     0     3     3     0     0     0     2    20
 20231204   10:06:46      1     9    37     -     0     0     0     0   405   300     0     0     0     2     0     0     0     0     1
 20231204   10:06:47      0     9    35     -     0     0     0     0   405   300     0     0     3     3     0     0     0    35     0
 20231204   10:06:47      1    10    37     -     0     0     0     0   405   300     0     0     0     2     0     0     0     0     1
 20231204   10:06:49      0     9    35     -     0     0     0     0   405   300     0     0     3     3     0     0     0     8    18
 20231204   10:06:49      1     9    37     -     0     0     0     0   405   300     0     0     0     2     0     0     0     0     0
 20231204   10:06:50      0    10    35     -     0     0     0     0   405   300     0     0     3     3     0     0     0     0     0
 20231204   10:06:50      1     9    37     -     0     0     0     0   405   300     0     0     0     2     0     0     0     6     0
 20231204   10:06:51      0    11    35     -     0     0     0     0   405   300     0     0     3     3     0     0     0     0     2
 20231204   10:06:51      1     9    37     -     0     0     0     0   405   300     0     0     0     2     0     0     0     1     1
 20231204   10:06:52      0    11    35     -     0     0     0     0   405   300     0     0     3     3     0     0     0     0     0
 20231204   10:06:52      1     9    37     -     0     0     0     0   405   300     0     0     0     2     0     0     0     3     4
 20231204   10:06:53      0     9    35     -     0     0     0     0   405   300     0     0     3     3     0     0     0    43     0
 20231204   10:06:53      1    11    37     -     0     0     0     0   405   300     0     0     0     2     0     0     0     0     0
 20231204   10:06:55      0     9    35     -     0     0     0     0   405   300     0     0     3     3     0     0     0     0    21
 20231204   10:06:55      1     9    38     -     0     0     0     0   405   300     0     0     0     2     0     0     0     0     1
 20231204   10:06:56      0     9    35     -     0     0     0     0   405   300     0     0     3     3     0     0     0     0     0
 20231204   10:06:56      1     9    37     -     0     0     0     0   405   300     0     0     0     2     0     0     0     2     0
 20231204   10:06:57      0    12    35     -     0     0     0     0   405   300     0     0     3     3     0     0     0     0     2
 20231204   10:06:57      1     9    37     -     0     0     0     0   405   300     0     0     0     2     0     0     0     2     0
 20231204   10:06:58      0     9    35     -     0     0     0     0   405   300     0     0     3     3     0     0     0     0     0
 20231204   10:06:58      1     9    37     -     0     0     0     0   405   300     0     0     0     2     0     0     0     5     0
 20231204   10:07:00      0    10    35     -     0     0     0     0   405   300     0     0     3     3     0     0     0     0     0
 20231204   10:07:00      1     9    37     -     0     0     0     0   405   300     0     0     0     2     0     0     0     6     2
 20231204   10:07:01      0     9    35     -     0     0     0     0   405   300     0     0     3     3     0     0     0     0     0
 20231204   10:07:01      1     9    37     -     0     0     0     0   405   300     0     0     0     2     0     0     0     0     0
 20231204   10:07:02      0     9    35     -     0     0     0     0   405   300     0     0     3     3     0     0     0     8    18
 20231204   10:07:02      1     9    37     -     0     0     0     0   405   300     0     0     0     2     0     0     0     0     0
 20231204   10:07:03      0     9    35     -     0     0     0     0   405   300     0     0     3     3     0     0     0     0     3
 20231204   10:07:03      1     9    37     -     0     0     0     0   405   300     0     0     0     2     0     0     0     0     0
 20231204   10:07:05      0     9    35     -     0     0     0     0   405   300     0     0     3     3     0     0     0    36     2
 20231204   10:07:05      1     9    37     -     0     0     0     0   405   300     0     0     0     2     0     0     0     0     0
 20231204   10:07:06      0    10    35     -     0     0     0     0   405   300     0     0     3     3     0     0     0     0     3
 20231204   10:07:06      1     9    37     -     0     0     0     0   405   300     0     0     0     2     0     0     0     0     0
 20231204   10:07:07      0     9    35     -     0     0     0     0   405   300     0     0     3     3     0     0     0     0     3
 20231204   10:07:07      1     9    37     -     0     0     0     0   405   300     0     0     0     2     0     0     0     0     0
 20231204   10:07:08      0    12    35     -     0     0     0     0   405   300     0     0     3     3     0     0     0     0     0
 20231204   10:07:08      1     9    37     -     0     0     0     0   405   300     0     0     0     2     0     0     0     0     0
 20231204   10:07:10      0    10    35     -     0     0     0     0   405   300     0     0     3     3     0     0     0     0     0
 20231204   10:07:10      1     9    37     -     0     0     0     0   405   300     0     0     0     2     0     0     0     6     0
 20231204   10:07:11      0    10    35     -     0     0     0     0   405   300     0     0     3     3     0     0     0     0     3
 20231204   10:07:11      1     9    37     -     0     0     0     0   405   300     0     0     0     2     0     0     0     0     4
#Date       Time        gpu   pwr gtemp mtemp    sm   mem   enc   dec  mclk  pclk pviol tviol    fb  bar1 sbecc dbecc   pci rxpci txpci
#YYYYMMDD   HH:MM:SS    Idx     W     C     C     %     %     %     %   MHz   MHz     %  bool    MB    MB  errs  errs  errs  MB/s  MB/s
 20231204   10:07:12      0    10    35     -     0     0     0     0   405   300     0     0     3     3     0     0     0     3     3
 20231204   10:07:12      1     9    37     -     0     0     0     0   405   300     0     0     0     2     0     0     0     0     0
 20231204   10:07:13      0    12    35     -     0     0     0     0   405   300     0     0     3     3     0     0     0     1     1
 20231204   10:07:13      1    12    37     -     0     0     0     0   405   300     0     0     0     2     0     0     0     8     0
 20231204   10:07:14      0    10    35     -     0     0     0     0   405   300     0     0     3     3     0     0     0     0     1
 20231204   10:07:14      1    10    38     -     0     0     0     0   405   300     0     0     0     2     0     0     0     0     0
 20231204   10:07:16      0    10    35     -     0     0     0     0   405   300     0     0     3     3     0     0     0    35     0
 20231204   10:07:16      1    12    38     -     0     0     0     0   405   300     0     0     0     2     0     0     0    11     0
 20231204   10:07:17      0     9    35     -     0     0     0     0   405   300     0     0     3     3     0     0     0     3     4
 20231204   10:07:17      1     9    37     -     0     0     0     0   405   300     0     0     0     2     0     0     0     2     6
 20231204   10:07:18      0    12    35     -     0     0     0     0   405   300     0     0     3     3     0     0     0     0     1
 20231204   10:07:18      1    10    37     -     0     0     0     0   405   300     0     0     0     2     0     0     0     0     0
 20231204   10:07:19      0    10    35     -     0     0     0     0   405   300     0     0     3     3     0     0     0     0     3
 20231204   10:07:19      1     9    37     -     0     0     0     0   405   300     0     0     0     2     0     0     0     0     0
 20231204   10:07:21      0     9    35     -     0     0     0     0   405   300     0     0     3     3     0     0     0     0     0
 20231204   10:07:21      1     9    37     -     0     0     0     0   405   300     0     0     0     2     0     0     0     3     0
 20231204   10:07:22      0     9    35     -     0     0     0     0   405   300     0     0     3     3     0     0     0     0     3
 20231204   10:07:22      1     9    37     -     0     0     0     0   405   300     0     0     0     2     0     0     0     7     5
 20231204   10:07:23      0    10    35     -     0     0     0     0   405   300     0     0     3     3     0     0     0     0     6
 20231204   10:07:23      1    11    38     -     0     0     0     0   405   300     0     0     0     2     0     0     0     0     5
 20231204   10:07:24      0     9    35     -     0     0     0     0   405   300     0     0     3     3     0     0     0     4     2
 20231204   10:07:24      1     9    37     -     0     0     0     0   405   300     0     0     0     2     0     0     0     4     2
 20231204   10:07:26      0     9    35     -     0     0     0     0   405   300     0     0     3     3     0     0     0     3     1
 20231204   10:07:26      1     9    37     -     0     0     0     0   405   300     0     0     0     2     0     0     0     1     3
 20231204   10:07:27      0    11    35     -     0     0     0     0   405   300     0     0     3     3     0     0     0     0     0
 20231204   10:07:27      1     9    37     -     0     0     0     0   405   300     0     0     0     2     0     0     0    10     1
 20231204   10:07:28      0    10    35     -     0     0     0     0   405   300     0     0     3     3     0     0     0     5     0
 20231204   10:07:28      1    11    37     -     0     0     0     0   405   300     0     0     0     2     0     0     0     0     0
 20231204   10:07:29      0    10    35     -     0     0     0     0   405   300     0     0     3     3     0     0     0     0     1
 20231204   10:07:29      1     9    38     -     0     0     0     0   405   300     0     0     0     2     0     0     0     0     3
 20231204   10:07:31      0     9    35     -     0     0     0     0   405   300     0     0     3     3     0     0     0    37     1
 20231204   10:07:31      1    11    38     -     0     0     0     0   405   300     0     0     0     2     0     0     0     0     0
 20231204   10:07:32      0     9    35     -     0     0     0     0   405   300     0     0     3     3     0     0     0    34     0
 20231204   10:07:32      1    11    37     -     0     0     0     0   405   300     0     0     0     2     0     0     0     0     0
 20231204   10:07:33      0    10    35     -     0     0     0     0   405   300     0     0     3     3     0     0     0    36     0
 20231204   10:07:33      1     9    38     -     0     0     0     0   405   300     0     0     0     2     0     0     0     4     0
 20231204   10:07:34      0     9    35     -     0     0     0     0   405   300     0     0     3     3     0     0     0     0     2
 20231204   10:07:34      1     9    37     -     0     0     0     0   405   300     0     0     0     2     0     0     0     0     0
 20231204   10:07:36      0    10    35     -     0     0     0     0   405   300     0     0     3     3     0     0     0     0     1
 20231204   10:07:36      1     9    37     -     0     0     0     0   405   300     0     0     0     2     0     0     0     0     0
 20231204   10:07:37      0    11    35     -     0     0     0     0   405   300     0     0     3     3     0     0     0     0     1
 20231204   10:07:37      1     9    37     -     0     0     0     0   405   300     0     0     0     2     0     0     0     0     0
 20231204   10:07:38      0     9    35     -     0     0     0     0   405   300     0     0     3     3     0     0     0     5    19
 20231204   10:07:38      1     9    37     -     0     0     0     0   405   300     0     0     0     2     0     0     0     0     0
#Date       Time        gpu   pwr gtemp mtemp    sm   mem   enc   dec  mclk  pclk pviol tviol    fb  bar1 sbecc dbecc   pci rxpci txpci
#YYYYMMDD   HH:MM:SS    Idx     W     C     C     %     %     %     %   MHz   MHz     %  bool    MB    MB  errs  errs  errs  MB/s  MB/s
 20231204   10:07:40      0     9    35     -     0     0     0     0   405   300     0     0     3     3     0     0     0     5     0
 20231204   10:07:40      1     9    37     -     0     0     0     0   405   300     0     0     0     2     0     0     0     0     0
 20231204   10:07:41      0     9    35     -     0     0     0     0   405   300     0     0     3     3     0     0     0    35     0
 20231204   10:07:41      1     9    38     -     0     0     0     0   405   300     0     0     0     2     0     0     0     0     0
 20231204   10:07:42      0    10    35     -     0     0     0     0   405   300     0     0     3     3     0     0     0    39     0
 20231204   10:07:42      1    11    37     -     0     0     0     0   405   300     0     0     0     2     0     0     0     0     0
 20231204   10:07:43      0     9    35     -     0     0     0     0   405   300     0     0     3     3     0     0     0    35     0
 20231204   10:07:43      1    11    37     -     0     0     0     0   405   300     0     0     0     2     0     0     0     0     0
 20231204   10:07:45      0     9    35     -     0     0     0     0   405   300     0     0     3     3     0     0     0     8    17
 20231204   10:07:45      1     9    37     -     0     0     0     0   405   300     0     0     0     2     0     0     0     0     0
 20231204   10:07:46      0     9    35     -     0     0     0     0   405   300     0     0     3     3     0     0     0     0     3
 20231204   10:07:46      1    10    37     -     0     0     0     0   405   300     0     0     0     2     0     0     0     0     0
 20231204   10:07:47      0     9    35     -     0     0     0     0   405   300     0     0     3     3     0     0     0    34     0
 20231204   10:07:47      1    12    37     -     0     0     0     0   405   300     0     0     0     2     0     0     0     0     0
 20231204   10:07:48      0     9    35     -     0     0     0     0   405   300     0     0     3     3     0     0     0    36     0
 20231204   10:07:48      1     9    37     -     0     0     0     0   405   300     0     0     0     2     0     0     0     0     0
 20231204   10:07:50      0     9    35     -     0     0     0     0   405   300     0     0     3     3     0     0     0     0     0
 20231204   10:07:50      1     9    37     -     0     0     0     0   405   300     0     0     0     2     0     0     0     0     0
 20231204   10:07:51      0     9    35     -     0     0     0     0   405   300     0     0     3     3     0     0     0     0     0
 20231204   10:07:51      1    10    37     -     0     0     0     0   405   300     0     0     0     2     0     0     0     3     2
 20231204   10:07:52      0    10    35     -     0     0     0     0   405   300     0     0     3     3     0     0     0     0     0
 20231204   10:07:52      1    10    37     -     0     0     0     0   405   300     0     0     0     2     0     0     0     0     0
 20231204   10:07:53      0     9    35     -     0     0     0     0   405   300     0     0     3     3     0     0     0    36     0
 20231204   10:07:53      1     9    37     -     0     0     0     0   405   300     0     0     0     2     0     0     0     5     0
 20231204   10:07:55      0    10    35     -     0     0     0     0   405   300     0     0     3     3     0     0     0     0     0
 20231204   10:07:55      1     9    37     -     0     0     0     0   405   300     0     0     0     2     0     0     0     2     0
 20231204   10:07:56      0    11    35     -     0     0     0     0   405   300     0     0     3     3     0     0     0     0    24
 20231204   10:07:56      1     9    38     -     0     0     0     0   405   300     0     0     0     2     0     0     0     0     0
 20231204   10:07:57      0     9    35     -     0     0     0     0   405   300     0     0     3     3     0     0     0     3    21
 20231204   10:07:57      1     9    37     -     0     0     0     0   405   300     0     0     0     2     0     0     0     0     0
 20231204   10:07:58      0     9    35     -     0     0     0     0   405   300     0     0     3     3     0     0     0     0     1
 20231204   10:07:58      1     9    37     -     0     0     0     0   405   300     0     0     0     2     0     0     0     0     0
 20231204   10:08:00      0     9    35     -     0     0     0     0   405   300     0     0     3     3     0     0     0     0     3
 20231204   10:08:00      1     9    38     -     0     0     0     0   405   300     0     0     0     2     0     0     0     2     3
 20231204   10:08:01      0    10    35     -     0     0     0     0   405   300     0     0     3     3     0     0     0     0     2
 20231204   10:08:01      1     9    37     -     0     0     0     0   405   300     0     0     0     2     0     0     0     4     0
 20231204   10:08:02      0     9    35     -     0     0     0     0   405   300     0     0     3     3     0     0     0     5    20
 20231204   10:08:02      1     9    38     -     0     0     0     0   405   300     0     0     0     2     0     0     0     0     0
 20231204   10:08:03      0     9    35     -     0     0     0     0   405   300     0     0     3     3     0     0     0     0     0
 20231204   10:08:03      1     9    38     -     0     0     0     0   405   300     0     0     0     2     0     0     0     2     0
 20231204   10:08:05      0     9    35     -     0     0     0     0   405   300     0     0     3     3     0     0     0     0     2
 20231204   10:08:05      1     9    37     -     0     0     0     0   405   300     0     0     0     2     0     0     0     0     4
 20231204   10:08:06      0     9    35     -     0     0     0     0   405   300     0     0     3     3     0     0     0     0     0
 20231204   10:08:06      1     9    37     -     0     0     0     0   405   300     0     0     0     2     0     0     0     6     3
#Date       Time        gpu   pwr gtemp mtemp    sm   mem   enc   dec  mclk  pclk pviol tviol    fb  bar1 sbecc dbecc   pci rxpci txpci
#YYYYMMDD   HH:MM:SS    Idx     W     C     C     %     %     %     %   MHz   MHz     %  bool    MB    MB  errs  errs  errs  MB/s  MB/s
 20231204   10:08:07      0    12    35     -     0     0     0     0   405   300     0     0     3     3     0     0     0     0     0
 20231204   10:08:07      1    10    38     -     0     0     0     0   405   300     0     0     0     2     0     0     0     2     0
 20231204   10:08:09      0    10    35     -     0     0     0     0   405   300     0     0     3     3     0     0     0     0     0
 20231204   10:08:09      1     9    37     -     0     0     0     0   405   300     0     0     0     2     0     0     0     2     0
 20231204   10:08:10      0     9    35     -     0     0     0     0   405   300     0     0     3     3     0     0     0     3    21
 20231204   10:08:10      1    10    37     -     0     0     0     0   405   300     0     0     0     2     0     0     0     0     0
 20231204   10:08:11      0     9    35     -     0     0     0     0   405   300     0     0     3     3     0     0     0     8    17
 20231204   10:08:11      1     9    38     -     0     0     0     0   405   300     0     0     0     2     0     0     0     0     0
 20231204   10:08:12      0     9    35     -     0     0     0     0   405   300     0     0     3     3     0     0     0     0     3
 20231204   10:08:12      1     9    38     -     0     0     0     0   405   300     0     0     0     2     0     0     0     4     0
 20231204   10:08:14      0     9    35     -     0     0     0     0   405   300     0     0     3     3     0     0     0     7    18
 20231204   10:08:14      1     9    38     -     0     0     0     0   405   300     0     0     0     2     0     0     0     0     0
 20231204   10:08:15      0     9    35     -     0     0     0     0   405   300     0     0     3     3     0     0     0    36     0
 20231204   10:08:15      1    10    38     -     0     0     0     0   405   300     0     0     0     2     0     0     0     0     1
 20231204   10:08:16      0     9    35     -     0     0     0     0   405   300     0     0     3     3     0     0     0     0    21
 20231204   10:08:16      1     9    38     -     0     0     0     0   405   300     0     0     0     2     0     0     0     0     0
 20231204   10:08:17      0     9    35     -     0     0     0     0   405   300     0     0     3     3     0     0     0     0     3
 20231204   10:08:17      1     9    38     -     0     0     0     0   405   300     0     0     0     2     0     0     0     0     3
 20231204   10:08:19      0     9    35     -     0     0     0     0   405   300     0     0     3     3     0     0     0     0     3
 20231204   10:08:19      1    10    38     -     0     0     0     0   405   300     0     0     0     2     0     0     0     0     0
 20231204   10:08:20      0     9    35     -     0     0     0     0   405   300     0     0     3     3     0     0     0    39     0
 20231204   10:08:20      1    10    38     -     0     0     0     0   405   300     0     0     0     2     0     0     0     0     0
 20231204   10:08:21      0     9    35     -     0     0     0     0   405   300     0     0     3     3     0     0     0    37     0
 20231204   10:08:21      1    10    38     -     0     0     0     0   405   300     0     0     0     2     0     0     0     0     0
 20231204   10:08:22      0     9    35     -     0     0     0     0   405   300     0     0     3     3     0     0     0    37     0
 20231204   10:08:22      1    13    38     -     0     0     0     0   405   300     0     0     0     2     0     0     0     0     0
 20231204   10:08:24      0     9    35     -     0     0     0     0   405   300     0     0     3     3     0     0     0    36     0
 20231204   10:08:24      1    10    38     -     0     0     0     0   405   300     0     0     0     2     0     0     0     4     0
 20231204   10:08:25      0     9    35     -     0     0     0     0   405   300     0     0     3     3     0     0     0    36     0
 20231204   10:08:25      1    10    38     -     0     0     0     0   405   300     0     0     0     2     0     0     0     0     1
 20231204   10:08:26      0     9    35     -     0     0     0     0   405   300     0     0     3     3     0     0     0     0     4
 20231204   10:08:26      1     9    38     -     0     0     0     0   405   300     0     0     0     2     0     0     0     0     0
 20231204   10:08:27      0     9    35     -     0     0     0     0   405   300     0     0     3     3     0     0     0     7    18
 20231204   10:08:27      1    11    38     -     0     0     0     0   405   300     0     0     0     2     0     0     0     0     0
 20231204   10:08:29      0     9    35     -     0     0     0     0   405   300     0     0     3     3     0     0     0     0     3
 20231204   10:08:29      1     9    38     -     0     0     0     0   405   300     0     0     0     2     0     0     0     4     0
