#Time        gpu   pwr gtemp mtemp    sm   mem   enc   dec  mclk  pclk pviol tviol    fb  bar1 sbecc dbecc   pci rxpci txpci
#HH:MM:SS    Idx     W     C     C     %     %     %     %   MHz   MHz     %  bool    MB    MB  errs  errs  errs  MB/s  MB/s
 10:04:52      0     9    35     -     0     0     0     0   405   300     0     0     3     3     0     0     0     0     2
 10:04:52      1     9    37     -     0     0     0     0   405   300     0     0     0     2     0     0     0     0     0
 10:04:53      0    12    35     -     0     0     0     0   405   300     0     0     3     3     0     0     0     0     3
 10:04:53      1     9    37     -     0     0     0     0   405   300     0     0     0     2     0     0     0     2     1
 10:04:55      0     9    35     -     0     0     0     0   405   300     0     0     3     3     0     0     0     0     3
 10:04:55      1     9    37     -     0     0     0     0   405   300     0     0     0     2     0     0     0     1     3
 10:04:56      0     9    35     -     0     0     0     0   405   300     0     0     3     3     0     0     0     0     1
 10:04:56      1     9    37     -     0     0     0     0   405   300     0     0     0     2     0     0     0     0     4
 10:04:58      0     9    35     -     0     0     0     0   405   300     0     0     3     3     0     0     0     0     3
 10:04:58      1     9    37     -     0     0     0     0   405   300     0     0     0     2     0     0     0     1     1
 10:04:59      0     9    35     -     0     0     0     0   405   300     0     0     3     3     0     0     0     8    19
 10:04:59      1    10    37     -     0     0     0     0   405   300     0     0     0     2     0     0     0     0     0
 10:05:00      0     9    35     -     0     0     0     0   405   300     0     0     3     3     0     0     0     0     0
 10:05:00      1     9    37     -     0     0     0     0   405   300     0     0     0     2     0     0     0     5     1
 10:05:01      0     9    35     -     0     0     0     0   405   300     0     0     3     3     0     0     0     0     0
 10:05:01      1     9    37     -     0     0     0     0   405   300     0     0     0     2     0     0     0     2     1
 10:05:03      0     9    35     -     0     0     0     0   405   300     0     0     3     3     0     0     0     0     0
 10:05:03      1     9    37     -     0     0     0     0   405   300     0     0     0     2     0     0     0     5     1
 10:05:04      0     9    35     -     0     0     0     0   405   300     0     0     3     3     0     0     0     0    21
 10:05:04      1     9    37     -     0     0     0     0   405   300     0     0     0     2     0     0     0     1     1
 10:05:05      0     9    35     -     0     0     0     0   405   300     0     0     3     3     0     0     0     1    21
 10:05:05      1     9    37     -     0     0     0     0   405   300     0     0     0     2     0     0     0     0     0
 10:05:06      0    11    35     -     0     0     0     0   405   300     0     0     3     3     0     0     0     0     0
 10:05:06      1     9    37     -     0     0     0     0   405   300     0     0     0     2     0     0     0     2     0
 10:05:08      0    11    35     -     0     0     0     0   405   300     0     0     3     3     0     0     0     0     0
 10:05:08      1     9    37     -     0     0     0     0   405   300     0     0     0     2     0     0     0     4     0
 10:05:09      0     9    35     -     0     0     0     0   405   300     0     0     3     3     0     0     0     0     0
 10:05:09      1     9    37     -     0     0     0     0   405   300     0     0     0     2     0     0     0     3     1
 10:05:10      0    11    35     -     0     0     0     0   405   300     0     0     3     3     0     0     0     0     0
 10:05:10      1     9    37     -     0     0     0     0   405   300     0     0     0     2     0     0     0     3     2
 10:05:11      0     9    35     -     0     0     0     0   405   300     0     0     3     3     0     0     0     7    18
 10:05:11      1     9    37     -     0     0     0     0   405   300     0     0     0     2     0     0     0     0     1
 10:05:12      0     9    35     -     0     0     0     0   405   300     0     0     3     3     0     0     0     0     3
 10:05:12      1     9    37     -     0     0     0     0   405   300     0     0     0     2     0     0     0     5     0
 10:05:14      0     9    35     -     0     0     0     0   405   300     0     0     3     3     0     0     0     0     2
 10:05:14      1     9    37     -     0     0     0     0   405   300     0     0     0     2     0     0     0     2     1
 10:05:15      0    12    35     -     0     0     0     0   405   300     0     0     3     3     0     0     0     0     4
 10:05:15      1     9    37     -     0     0     0     0   405   300     0     0     0     2     0     0     0     9     0
 10:05:16      0    10    35     -     0     0     0     0   405   300     0     0     3     3     0     0     0     0     4
 10:05:16      1     9    37     -     0     0     0     0   405   300     0     0     0     2     0     0     0     4     2
 10:05:17      0    12    35     -     0     0     0     0   405   300     0     0     3     3     0     0     0     0     0
 10:05:17      1     9    37     -     0     0     0     0   405   300     0     0     0     2     0     0     0     2     1
 10:05:19      0     9    35     -     0     0     0     0   405   300     0     0     3     3     0     0     0     0     0
 10:05:19      1    12    37     -     0     0     0     0   405   300     0     0     0     2     0     0     0     0     0
#Time        gpu   pwr gtemp mtemp    sm   mem   enc   dec  mclk  pclk pviol tviol    fb  bar1 sbecc dbecc   pci rxpci txpci
#HH:MM:SS    Idx     W     C     C     %     %     %     %   MHz   MHz     %  bool    MB    MB  errs  errs  errs  MB/s  MB/s
 10:05:20      0     9    35     -     0     0     0     0   405   300     0     0     3     3     0     0     0     1    22
 10:05:20      1    10    37     -     0     0     0     0   405   300     0     0     0     2     0     0     0     0     0
 10:05:21      0    11    35     -     0     0     0     0   405   300     0     0     3     3     0     0     0     0     0
 10:05:21      1     9    37     -     0     0     0     0   405   300     0     0     0     2     0     0     0     5     0
 10:05:22      0    10    35     -     0     0     0     0   405   300     0     0     3     3     0     0     0     0     0
 10:05:22      1     9    37     -     0     0     0     0   405   300     0     0     0     2     0     0     0     0     1
 10:05:23      0     9    35     -     0     0     0     0   405   300     0     0     3     3     0     0     0     1    21
 10:05:23      1     9    37     -     0     0     0     0   405   300     0     0     0     2     0     0     0     4     0
 10:05:25      0     9    35     -     0     0     0     0   405   300     0     0     3     3     0     0     0     0    22
 10:05:25      1    12    37     -     0     0     0     0   405   300     0     0     0     2     0     0     0     0     0
 10:05:26      0     9    35     -     0     0     0     0   405   300     0     0     3     3     0     0     0     0    21
 10:05:26      1     9    37     -     0     0     0     0   405   300     0     0     0     2     0     0     0     0     1
 10:05:27      0     9    35     -     0     0     0     0   405   300     0     0     3     3     0     0     0     0     0
 10:05:27      1     9    37     -     0     0     0     0   405   300     0     0     0     2     0     0     0     6     1
 10:05:28      0     9    35     -     0     0     0     0   405   300     0     0     3     3     0     0     0     0     0
 10:05:28      1     9    37     -     0     0     0     0   405   300     0     0     0     2     0     0     0     1     3
 10:05:30      0    11    35     -     0     0     0     0   405   300     0     0     3     3     0     0     0     0     1
 10:05:30      1     9    37     -     0     0     0     0   405   300     0     0     0     2     0     0     0     2     0
 10:05:31      0    11    35     -     0     0     0     0   405   300     0     0     3     3     0     0     0     0     0
 10:05:31      1     9    37     -     0     0     0     0   405   300     0     0     0     2     0     0     0     6     0
 10:05:32      0    11    35     -     0     0     0     0   405   300     0     0     3     3     0     0     0     0     0
 10:05:32      1     9    37     -     0     0     0     0   405   300     0     0     0     2     0     0     0     3     3
 10:05:34      0     9    35     -     0     0     0     0   405   300     0     0     3     3     0     0     0     2     3
 10:05:34      1     9    37     -     0     0     0     0   405   300     0     0     0     2     0     0     0     4     2
 10:05:35      0     9    35     -     0     0     0     0   405   300     0     0     3     3     0     0     0     5     3
 10:05:35      1     9    37     -     0     0     0     0   405   300     0     0     0     2     0     0     0     4     0
 10:05:36      0     9    35     -     0     0     0     0   405   300     0     0     3     3     0     0     0     0     0
 10:05:36      1    12    37     -     0     0     0     0   405   300     0     0     0     2     0     0     0     7     0
 10:05:37      0    10    35     -     0     0     0     0   405   300     0     0     3     3     0     0     0     0     0
 10:05:37      1    11    37     -     0     0     0     0   405   300     0     0     0     2     0     0     0     0     1
 10:05:39      0     9    35     -     0     0     0     0   405   300     0     0     3     3     0     0     0     8    17
 10:05:39      1     9    37     -     0     0     0     0   405   300     0     0     0     2     0     0     0     0     0
 10:05:40      0     9    35     -     0     0     0     0   405   300     0     0     3     3     0     0     0    10     3
 10:05:40      1     9    37     -     0     0     0     0   405   300     0     0     0     2     0     0     0     2     0
 10:05:41      0     9    35     -     0     0     0     0   405   300     0     0     3     3     0     0     0     0     0
 10:05:41      1     9    37     -     0     0     0     0   405   300     0     0     0     2     0     0     0     2     0
 10:05:42      0    12    35     -     0     0     0     0   405   300     0     0     3     3     0     0     0     0     0
 10:05:42      1     9    37     -     0     0     0     0   405   300     0     0     0     2     0     0     0     7     1
 10:05:44      0     9    35     -     0     0     0     0   405   300     0     0     3     3     0     0     0     4     1
 10:05:44      1    10    37     -     0     0     0     0   405   300     0     0     0     2     0     0     0     8     1
 10:05:45      0     9    35     -     0     0     0     0   405   300     0     0     3     3     0     0     0     6     1
 10:05:45      1    10    37     -     0     0     0     0   405   300     0     0     0     2     0     0     0     1     4
 10:05:46      0    11    35     -     0     0     0     0   405   300     0     0     3     3     0     0     0     0     1
 10:05:46      1     9    37     -     0     0     0     0   405   300     0     0     0     2     0     0     0     6     2
#Time        gpu   pwr gtemp mtemp    sm   mem   enc   dec  mclk  pclk pviol tviol    fb  bar1 sbecc dbecc   pci rxpci txpci
#HH:MM:SS    Idx     W     C     C     %     %     %     %   MHz   MHz     %  bool    MB    MB  errs  errs  errs  MB/s  MB/s
 10:05:47      0     9    35     -     0     0     0     0   405   300     0     0     3     3     0     0     0     3     5
 10:05:47      1    11    37     -     0     0     0     0   405   300     0     0     0     2     0     0     0     1     3
 10:05:49      0     9    35     -     0     0     0     0   405   300     0     0     3     3     0     0     0     1     4
 10:05:49      1    10    37     -     0     0     0     0   405   300     0     0     0     2     0     0     0     1     4
 10:05:50      0    10    35     -     0     0     0     0   405   300     0     0     3     3     0     0     0     2     3
 10:05:50      1    11    37     -     0     0     0     0   405   300     0     0     0     2     0     0     0     2     4
 10:05:51      0    10    35     -     0     0     0     0   405   300     0     0     3     3     0     0     0     1     2
 10:05:51      1    10    37     -     0     0     0     0   405   300     0     0     0     2     0     0     0     5     5
 10:05:52      0    11    35     -     0     0     0     0   405   300     0     0     3     3     0     0     0     0     1
 10:05:52      1     9    37     -     0     0     0     0   405   300     0     0     0     2     0     0     0     0     1
 10:05:53      0    12    35     -     0     0     0     0   405   300     0     0     3     3     0     0     0    36     2
 10:05:53      1    10    37     -     0     0     0     0   405   300     0     0     0     2     0     0     0     0     0
 10:05:55      0     9    35     -     0     0     0     0   405   300     0     0     3     3     0     0     0     5     2
 10:05:55      1     9    37     -     0     0     0     0   405   300     0     0     0     2     0     0     0     3     1
 10:05:56      0    10    35     -     0     0     0     0   405   300     0     0     3     3     0     0     0     0     3
 10:05:56      1     9    37     -     0     0     0     0   405   300     0     0     0     2     0     0     0     0     4
 10:05:57      0     9    35     -     0     0     0     0   405   300     0     0     3     3     0     0     0    41     3
 10:05:57      1    10    37     -     0     0     0     0   405   300     0     0     0     2     0     0     0     0     1
 10:05:58      0     9    35     -     0     0     0     0   405   300     0     0     3     3     0     0     0     0     3
 10:05:58      1     9    37     -     0     0     0     0   405   300     0     0     0     2     0     0     0     0     0
 10:05:59      0    11    35     -     0     0     0     0   405   300     0     0     3     3     0     0     0     0     1
 10:05:59      1     9    37     -     0     0     0     0   405   300     0     0     0     2     0     0     0     3     3
 10:06:01      0    10    35     -     0     0     0     0   405   300     0     0     3     3     0     0     0     0     0
 10:06:01      1    12    37     -     0     0     0     0   405   300     0     0     0     2     0     0     0     8     1
 10:06:02      0    11    35     -     0     0     0     0   405   300     0     0     3     3     0     0     0     0     1
 10:06:02      1    12    37     -     0     0     0     0   405   300     0     0     0     2     0     0     0     3     1
 10:06:03      0    12    35     -     0     0     0     0   405   300     0     0     3     3     0     0     0     5     0
 10:06:03      1    10    37     -     0     0     0     0   405   300     0     0     0     2     0     0     0     3     1
 10:06:05      0     9    35     -     0     0     0     0   405   300     0     0     3     3     0     0     0     1     1
 10:06:05      1     9    37     -     0     0     0     0   405   300     0     0     0     2     0     0     0     0     1
 10:06:06      0     9    35     -     0     0     0     0   405   300     0     0     3     3     0     0     0     4     0
 10:06:06      1    10    37     -     0     0     0     0   405   300     0     0     0     2     0     0     0     0     0
 10:06:07      0     9    35     -     0     0     0     0   405   300     0     0     3     3     0     0     0    38     0
 10:06:07      1    10    37     -     0     0     0     0   405   300     0     0     0     2     0     0     0     0     0
 10:06:08      0     9    35     -     0     0     0     0   405   300     0     0     3     3     0     0     0     0     0
 10:06:08      1    12    37     -     0     0     0     0   405   300     0     0     0     2     0     0     0     0     1
 10:06:09      0     9    35     -     0     0     0     0   405   300     0     0     3     3     0     0     0     7    18
 10:06:09      1    11    37     -     0     0     0     0   405   300     0     0     0     2     0     0     0     0     0
 10:06:11      0    11    35     -     0     0     0     0   405   300     0     0     3     3     0     0     0     1     1
 10:06:11      1    11    37     -     0     0     0     0   405   300     0     0     0     2     0     0     0     2     3
 10:06:12      0    10    35     -     0     0     0     0   405   300     0     0     3     3     0     0     0     0     0
 10:06:12      1     9    37     -     0     0     0     0   405   300     0     0     0     2     0     0     0     4     3
 10:06:13      0     9    35     -     0     0     0     0   405   300     0     0     3     3     0     0     0     0     0
 10:06:13      1     9    37     -     0     0     0     0   405   300     0     0     0     2     0     0     0     5     0
#Time        gpu   pwr gtemp mtemp    sm   mem   enc   dec  mclk  pclk pviol tviol    fb  bar1 sbecc dbecc   pci rxpci txpci
#HH:MM:SS    Idx     W     C     C     %     %     %     %   MHz   MHz     %  bool    MB    MB  errs  errs  errs  MB/s  MB/s
 10:06:14      0     9    35     -     0     0     0     0   405   300     0     0     3     3     0     0     0    34     0
 10:06:14      1    11    37     -     0     0     0     0   405   300     0     0     0     2     0     0     0     0     0
 10:06:16      0     9    35     -     0     0     0     0   405   300     0     0     3     3     0     0     0     4    23
 10:06:16      1    10    37     -     0     0     0     0   405   300     0     0     0     2     0     0     0     0     0
 10:06:17      0    10    35     -     0     0     0     0   405   300     0     0     3     3     0     0     0     2     0
 10:06:17      1    10    37     -     0     0     0     0   405   300     0     0     0     2     0     0     0     0     0
 10:06:18      0     9    35     -     0     0     0     0   405   300     0     0     3     3     0     0     0     5     1
 10:06:18      1    11    37     -     0     0     0     0   405   300     0     0     0     2     0     0     0     0     0
 10:06:19      0     9    35     -     0     0     0     0   405   300     0     0     3     3     0     0     0     6    22
 10:06:19      1    12    37     -     0     0     0     0   405   300     0     0     0     2     0     0     0     0     1
 10:06:21      0     9    35     -     0     0     0     0   405   300     0     0     3     3     0     0     0     5    21
 10:06:21      1     9    37     -     0     0     0     0   405   300     0     0     0     2     0     0     0     0     0
 10:06:22      0     9    35     -     0     0     0     0   405   300     0     0     3     3     0     0     0     0     0
 10:06:22      1    12    37     -     0     0     0     0   405   300     0     0     0     2     0     0     0     4     2
 10:06:23      0    11    35     -     0     0     0     0   405   300     0     0     3     3     0     0     0     1     2
 10:06:23      1    11    37     -     0     0     0     0   405   300     0     0     0     2     0     0     0     0     0
 10:06:24      0    12    35     -     0     0     0     0   405   300     0     0     3     3     0     0     0     0     0
 10:06:24      1    10    37     -     0     0     0     0   405   300     0     0     0     2     0     0     0     2     3
 10:06:26      0    11    35     -     0     0     0     0   405   300     0     0     3     3     0     0     0     0     0
 10:06:26      1    12    37     -     0     0     0     0   405   300     0     0     0     2     0     0     0     7     0
 10:06:27      0    10    35     -     0     0     0     0   405   300     0     0     3     3     0     0     0     0     0
 10:06:27      1     9    37     -     0     0     0     0   405   300     0     0     0     2     0     0     0     3     0
 10:06:28      0    12    35     -     0     0     0     0   405   300     0     0     3     3     0     0     0     0     0
 10:06:28      1    10    37     -     0     0     0     0   405   300     0     0     0     2     0     0     0     0     0
 10:06:29      0    10    35     -     0     0     0     0   405   300     0     0     3     3     0     0     0     0     1
 10:06:29      1     9    37     -     0     0     0     0   405   300     0     0     0     2     0     0     0     3     0
 10:06:30      0    11    35     -     0     0     0     0   405   300     0     0     3     3     0     0     0     0     0
 10:06:30      1    10    37     -     0     0     0     0   405   300     0     0     0     2     0     0     0     7     3
 10:06:32      0     9    35     -     0     0     0     0   405   300     0     0     3     3     0     0     0     0     0
 10:06:32      1    12    37     -     0     0     0     0   405   300     0     0     0     2     0     0     0     0     0
 10:06:33      0    11    35     -     0     0     0     0   405   300     0     0     3     3     0     0     0     5    18
 10:06:33      1    10    37     -     0     0     0     0   405   300     0     0     0     2     0     0     0     0     0
 10:06:34      0     9    35     -     0     0     0     0   405   300     0     0     3     3     0     0     0    38     0
 10:06:34      1    11    37     -     0     0     0     0   405   300     0     0     0     2     0     0     0     0     0
 10:06:36      0    12    35     -     0     0     0     0   405   300     0     0     3     3     0     0     0     2     2
 10:06:36      1     9    37     -     0     0     0     0   405   300     0     0     0     2     0     0     0     0     0
 10:06:37      0    12    35     -     0     0     0     0   405   300     0     0     3     3     0     0     0     4     0
 10:06:37      1     9    37     -     0     0     0     0   405   300     0     0     0     2     0     0     0     0     3
 10:06:38      0    12    35     -     0     0     0     0   405   300     0     0     3     3     0     0     0     0     4
 10:06:38      1     9    37     -     0     0     0     0   405   300     0     0     0     2     0     0     0     0     1
 10:06:39      0     9    35     -     0     0     0     0   405   300     0     0     3     3     0     0     0    41     0
 10:06:39      1    11    37     -     0     0     0     0   405   300     0     0     0     2     0     0     0     0     0
 10:06:41      0    11    35     -     0     0     0     0   405   300     0     0     3     3     0     0     0     0     3
 10:06:41      1     9    37     -     0     0     0     0   405   300     0     0     0     2     0     0     0     2     0
#Time        gpu   pwr gtemp mtemp    sm   mem   enc   dec  mclk  pclk pviol tviol    fb  bar1 sbecc dbecc   pci rxpci txpci
#HH:MM:SS    Idx     W     C     C     %     %     %     %   MHz   MHz     %  bool    MB    MB  errs  errs  errs  MB/s  MB/s
 10:06:42      0    10    35     -     0     0     0     0   405   300     0     0     3     3     0     0     0     0     5
 10:06:42      1     9    37     -     0     0     0     0   405   300     0     0     0     2     0     0     0     3     2
 10:06:43      0     9    35     -     0     0     0     0   405   300     0     0     3     3     0     0     0     2     3
 10:06:43      1     9    37     -     0     0     0     0   405   300     0     0     0     2     0     0     0     2     0
 10:06:44      0    11    35     -     0     0     0     0   405   300     0     0     3     3     0     0     0     0     1
 10:06:44      1     9    37     -     0     0     0     0   405   300     0     0     0     2     0     0     0     1     3
 10:06:46      0    10    35     -     0     0     0     0   405   300     0     0     3     3     0     0     0    36     0
 10:06:46      1    12    37     -     0     0     0     0   405   300     0     0     0     2     0     0     0     0     0
 10:06:47      0    10    35     -     0     0     0     0   405   300     0     0     3     3     0     0     0     1    21
 10:06:47      1    13    37     -     0     0     0     0   405   300     0     0     0     2     0     0     0     0     0
 10:06:48      0    11    35     -     0     0     0     0   405   300     0     0     3     3     0     0     0     0     3
 10:06:48      1     9    37     -     0     0     0     0   405   300     0     0     0     2     0     0     0     0     3
 10:06:49      0     9    35     -     0     0     0     0   405   300     0     0     3     3     0     0     0     0     3
 10:06:49      1     9    37     -     0     0     0     0   405   300     0     0     0     2     0     0     0     0     0
 10:06:51      0     9    35     -     0     0     0     0   405   300     0     0     3     3     0     0     0     1    22
 10:06:51      1     9    37     -     0     0     0     0   405   300     0     0     0     2     0     0     0     0     0
 10:06:52      0     9    35     -     0     0     0     0   405   300     0     0     3     3     0     0     0     1    22
 10:06:52      1    10    38     -     0     0     0     0   405   300     0     0     0     2     0     0     0     0     0
 10:06:53      0    10    35     -     0     0     0     0   405   300     0     0     3     3     0     0     0     0     0
 10:06:53      1     9    37     -     0     0     0     0   405   300     0     0     0     2     0     0     0     7     0
 10:06:54      0    11    35     -     0     0     0     0   405   300     0     0     3     3     0     0     0     0     2
 10:06:54      1    10    37     -     0     0     0     0   405   300     0     0     0     2     0     0     0     1     3
 10:06:56      0     9    35     -     0     0     0     0   405   300     0     0     3     3     0     0     0     0     0
 10:06:56      1     9    37     -     0     0     0     0   405   300     0     0     0     2     0     0     0     0     3
 10:06:57      0    11    35     -     0     0     0     0   405   300     0     0     3     3     0     0     0     8    18
 10:06:57      1    10    37     -     0     0     0     0   405   300     0     0     0     2     0     0     0     0     1
 10:06:58      0    11    35     -     0     0     0     0   405   300     0     0     3     3     0     0     0     1    21
 10:06:58      1    12    37     -     0     0     0     0   405   300     0     0     0     2     0     0     0     0     0
 10:06:59      0     9    35     -     0     0     0     0   405   300     0     0     3     3     0     0     0     0    21
 10:06:59      1     9    37     -     0     0     0     0   405   300     0     0     0     2     0     0     0     0     0
 10:07:01      0    11    35     -     0     0     0     0   405   300     0     0     3     3     0     0     0     2    21
 10:07:01      1    10    38     -     0     0     0     0   405   300     0     0     0     2     0     0     0     0     0
 10:07:02      0     9    35     -     0     0     0     0   405   300     0     0     3     3     0     0     0     8    18
 10:07:02      1     9    38     -     0     0     0     0   405   300     0     0     0     2     0     0     0     0     0
 10:07:03      0     9    35     -     0     0     0     0   405   300     0     0     3     3     0     0     0     0     3
 10:07:03      1     9    37     -     0     0     0     0   405   300     0     0     0     2     0     0     0     0     0
 10:07:04      0     9    35     -     0     0     0     0   405   300     0     0     3     3     0     0     0     5    19
 10:07:04      1     9    38     -     0     0     0     0   405   300     0     0     0     2     0     0     0     0     0
 10:07:06      0    10    35     -     0     0     0     0   405   300     0     0     3     3     0     0     0     0     1
 10:07:06      1     9    37     -     0     0     0     0   405   300     0     0     0     2     0     0     0     4     0
 10:07:07      0    12    35     -     0     0     0     0   405   300     0     0     3     3     0     0     0     0     0
 10:07:07      1     9    37     -     0     0     0     0   405   300     0     0     0     2     0     0     0     0     0
 10:07:08      0     9    35     -     0     0     0     0   405   300     0     0     3     3     0     0     0     0     0
 10:07:08      1     9    37     -     0     0     0     0   405   300     0     0     0     2     0     0     0     3     0
#Time        gpu   pwr gtemp mtemp    sm   mem   enc   dec  mclk  pclk pviol tviol    fb  bar1 sbecc dbecc   pci rxpci txpci
#HH:MM:SS    Idx     W     C     C     %     %     %     %   MHz   MHz     %  bool    MB    MB  errs  errs  errs  MB/s  MB/s
 10:07:09      0    10    35     -     0     0     0     0   405   300     0     0     3     3     0     0     0     0     0
 10:07:09      1     9    37     -     0     0     0     0   405   300     0     0     0     2     0     0     0     6     1
 10:07:11      0    10    35     -     0     0     0     0   405   300     0     0     3     3     0     0     0     0     1
 10:07:11      1     9    37     -     0     0     0     0   405   300     0     0     0     2     0     0     0     3     6
 10:07:12      0    10    35     -     0     0     0     0   405   300     0     0     3     3     0     0     0     1     4
 10:07:12      1     9    37     -     0     0     0     0   405   300     0     0     0     2     0     0     0     2     1
 10:07:13      0    11    35     -     0     0     0     0   405   300     0     0     3     3     0     0     0     5     2
 10:07:13      1    11    37     -     0     0     0     0   405   300     0     0     0     2     0     0     0     5     2
 10:07:14      0    10    35     -     0     0     0     0   405   300     0     0     3     3     0     0     0    35     0
 10:07:14      1    10    37     -     0     0     0     0   405   300     0     0     0     2     0     0     0     7     1
 10:07:16      0    10    35     -     0     0     0     0   405   300     0     0     3     3     0     0     0    37     1
 10:07:16      1    12    37     -     0     0     0     0   405   300     0     0     0     2     0     0     0     0     0
 10:07:17      0    11    35     -     0     0     0     0   405   300     0     0     3     3     0     0     0     6    18
 10:07:17      1    12    38     -     0     0     0     0   405   300     0     0     0     2     0     0     0     0     3
 10:07:18      0    10    35     -     0     0     0     0   405   300     0     0     3     3     0     0     0     0     0
 10:07:18      1     9    37     -     0     0     0     0   405   300     0     0     0     2     0     0     0     0     0
 10:07:20      0    11    35     -     0     0     0     0   405   300     0     0     3     3     0     0     0     0     0
 10:07:20      1    11    37     -     0     0     0     0   405   300     0     0     0     2     0     0     0     8     0
 10:07:21      0     9    35     -     0     0     0     0   405   300     0     0     3     3     0     0     0     0     0
 10:07:21      1    10    37     -     0     0     0     0   405   300     0     0     0     2     0     0     0     0     0
 10:07:22      0    11    35     -     0     0     0     0   405   300     0     0     3     3     0     0     0     7    19
 10:07:22      1    11    37     -     0     0     0     0   405   300     0     0     0     2     0     0     0     0     0
 10:07:23      0    10    35     -     0     0     0     0   405   300     0     0     3     3     0     0     0     1     3
 10:07:23      1    11    38     -     0     0     0     0   405   300     0     0     0     2     0     0     0     0     0
 10:07:25      0    10    35     -     0     0     0     0   405   300     0     0     3     3     0     0     0     2     0
 10:07:25      1     9    37     -     0     0     0     0   405   300     0     0     0     2     0     0     0     2     3
 10:07:26      0    11    35     -     0     0     0     0   405   300     0     0     3     3     0     0     0     0     0
 10:07:26      1     9    37     -     0     0     0     0   405   300     0     0     0     2     0     0     0     4     1
 10:07:27      0    11    35     -     0     0     0     0   405   300     0     0     3     3     0     0     0     0     1
 10:07:27      1     9    37     -     0     0     0     0   405   300     0     0     0     2     0     0     0     2     3
 10:07:28      0    12    35     -     0     0     0     0   405   300     0     0     3     3     0     0     0     0     0
 10:07:28      1    11    37     -     0     0     0     0   405   300     0     0     0     2     0     0     0     0     0
 10:07:29      0    10    35     -     0     0     0     0   405   300     0     0     3     3     0     0     0     0     0
 10:07:29      1     9    37     -     0     0     0     0   405   300     0     0     0     2     0     0     0    11     0
 10:07:31      0     9    35     -     0     0     0     0   405   300     0     0     3     3     0     0     0     9     4
 10:07:31      1     9    37     -     0     0     0     0   405   300     0     0     0     2     0     0     0     8     1
